./msdir/ms 10 100 -t 5.0 -s 10 -r 100.0 200 
22677 30553 33324

//
prob: 0.0558221
segsites: 10
positions: 0.0173 0.1165 0.2404 0.2677 0.2914 0.5161 0.5222 0.6158 0.8241 0.9120 
1000010000
1011011000
1010110000
0100010000
0100000101
1010010011
1000010000
1000010000
1100000001
0100011000

//
prob: 0.0472953
segsites: 10
positions: 0.0129 0.1826 0.2905 0.3167 0.3914 0.5360 0.6175 0.8619 0.9323 0.9372 
1100100111
1000001111
0011000000
0100000011
1000000111
1000010000
0000001111
1001000011
0000000111
0001001111

//
prob: 0.0393065
segsites: 10
positions: 0.0260 0.1139 0.1808 0.2147 0.3336 0.4378 0.5852 0.7042 0.7694 0.9909 
0011111101
0001010001
0000011000
1011011000
0000010011
0101010001
0011011000
0101001001
0000000000
0101010001

//
prob: 0.122661
segsites: 10
positions: 0.0072 0.0364 0.0822 0.1080 0.2162 0.4279 0.4468 0.7029 0.7102 0.9673 
0000100100
1000100010
1111111100
1000000100
1000000100
0000100101
1000100100
1000000100
0000101000
1000100010

//
prob: 0.0485694
segsites: 10
positions: 0.2290 0.2602 0.2650 0.4550 0.5742 0.6869 0.7713 0.7750 0.7964 0.9810 
0000001001
0100101010
1010010110
0000001000
0000101010
0001010110
0001000010
0000011000
0101101001
0000001000

//
prob: 0.116994
segsites: 10
positions: 0.0795 0.0814 0.2317 0.2587 0.4699 0.4878 0.4920 0.5931 0.8466 0.9778 
0010000000
0000001000
0010000100
0100001010
0001000000
1000000100
0010000000
0000100111
0010010000
0010000000

//
prob: 0.0556796
segsites: 10
positions: 0.2881 0.3794 0.4166 0.6024 0.6848 0.7193 0.8470 0.9616 0.9674 0.9744 
1000001000
1010000010
1001011000
0111011000
1010000010
1010000000
1000001000
0010100111
1001011000
1010000111

//
prob: 0.0515586
segsites: 10
positions: 0.0672 0.1965 0.2823 0.3510 0.4383 0.4791 0.6979 0.8506 0.8702 0.9098 
0100010001
0000000000
1000000101
0100000001
0110000101
0000000010
0100000101
0000000000
0100100001
0001001001

//
prob: 0.0303467
segsites: 10
positions: 0.1136 0.1413 0.2809 0.2911 0.3908 0.4020 0.6072 0.6464 0.7137 0.9778 
1010001000
1001000000
1011000001
1000010001
1001000100
0111101000
1010000100
0111000010
1001000000
1001000000

//
prob: 0.0836789
segsites: 10
positions: 0.1225 0.1983 0.2112 0.2665 0.3117 0.3862 0.4458 0.4891 0.5949 0.6071 
1101100010
1101100010
1100110010
0010000010
1000101010
1100110010
0100100000
1010000001
1100110110
1000101010

//
prob: 0.104546
segsites: 10
positions: 0.0468 0.1491 0.3008 0.3160 0.3596 0.5177 0.5184 0.6651 0.7743 0.8245 
1100100000
1100101000
0000000000
1100100000
0011010100
0001000100
0001000001
0001100010
1100100000
0000100000

//
prob: 0.0128629
segsites: 10
positions: 0.0876 0.2936 0.4163 0.7232 0.7675 0.7682 0.7714 0.7985 0.8082 0.8150 
1000100110
0000100010
0000100010
1110011100
1001011100
1110100010
1010100011
1000100110
0000100010
1000100010

//
prob: 0.0281053
segsites: 10
positions: 0.0144 0.0858 0.0998 0.1622 0.2841 0.2911 0.2978 0.3648 0.6749 0.7496 
1000000000
1011000100
0010111000
1000000010
1111111000
1111100001
1110000000
1000000100
1011000100
1110111000

//
prob: 0.0692764
segsites: 10
positions: 0.1622 0.1641 0.1903 0.3728 0.4453 0.5455 0.6076 0.6216 0.6875 0.9680 
1000110011
1000001010
1000000010
0000101000
1000100010
0011100000
0010101000
0100000010
0000001010
0100000100

//
prob: 0.0551556
segsites: 10
positions: 0.0321 0.1174 0.3714 0.4757 0.5143 0.5236 0.6018 0.7935 0.8745 0.9500 
0001011011
0101011000
1100110001
0010110001
0001011100
0000101100
0000100001
0100100100
0000010000
0001100100

//
prob: 0.0882727
segsites: 10
positions: 0.0237 0.0961 0.1886 0.1980 0.2583 0.4296 0.4870 0.5064 0.7197 0.9865 
1100001101
1100001100
1000000001
1100001110
0110000000
1001111101
1100001100
1100001000
0100001001
1100011101

//
prob: 0.0496102
segsites: 10
positions: 0.1388 0.1610 0.1641 0.3396 0.3668 0.4658 0.4674 0.7575 0.7684 0.9964 
0000100010
1000100101
0000001110
0000000101
0001000011
0000001111
0000100100
0000000100
0000010011
0111000010

//
prob: 0.0448404
segsites: 10
positions: 0.0052 0.0170 0.0348 0.0588 0.0781 0.0906 0.1549 0.3142 0.5788 0.9045 
0010100000
0000010110
0000100010
0001000011
0100101110
0000100010
0000100110
0001000110
0000100000
1001000000

//
prob: 0.0493968
segsites: 10
positions: 0.1569 0.1652 0.2980 0.3111 0.3729 0.3784 0.3806 0.4671 0.6371 0.7779 
0001000001
0100110000
0000000110
0001000001
1110000000
0000000000
0000001000
0000110000
0000000001
0001110000

//
prob: 0.0702818
segsites: 10
positions: 0.1857 0.3065 0.3520 0.4473 0.7200 0.8178 0.8280 0.8994 0.9297 0.9691 
0011000010
0010001000
0000001000
0000001011
0010010101
0000001011
1000000100
0000101101
0100000011
0000100111

//
prob: 0.0525586
segsites: 10
positions: 0.1163 0.1591 0.2995 0.3370 0.3637 0.5295 0.7855 0.9048 0.9703 0.9993 
0101010010
0101000000
0001000000
0101000001
0001100001
0101000000
0101000000
1110000000
0101001110
0001000001

//
prob: 0.039668
segsites: 10
positions: 0.1233 0.1267 0.2956 0.3193 0.4872 0.5567 0.5609 0.8442 0.8965 0.9434 
1101100001
0000000000
1100001000
0001000000
1101001000
1100011001
1101100101
0001000001
1111001001
0000000010

//
prob: 0.0788451
segsites: 10
positions: 0.0037 0.0696 0.2935 0.3275 0.4964 0.5043 0.7059 0.7467 0.7507 0.9349 
0000100101
0000001100
1001100000
1100001100
0010000010
0100010101
0000100101
0000000010
1001100000
0010000010

//
prob: 0.0190388
segsites: 10
positions: 0.1079 0.1481 0.1797 0.3164 0.3477 0.6514 0.7773 0.7848 0.9537 0.9938 
0000000100
0000000101
0000000110
0000000100
0000000000
0001010000
1000100100
0000001000
0110000000
0000000100

//
prob: 0.0326251
segsites: 10
positions: 0.0419 0.1671 0.1741 0.4380 0.5692 0.6982 0.7757 0.8683 0.8940 0.9453 
0000001101
0000000000
0000001000
0001110000
1000001101
0000100000
0110001000
0000000010
0000000000
0000100000

//
prob: 0.0999332
segsites: 10
positions: 0.2878 0.3205 0.4367 0.4644 0.4691 0.7063 0.7598 0.7853 0.8340 0.9701 
0110000001
1110001000
1110001000
0000111110
0110000001
0000001001
0000001000
0110000001
0101000100
0000001110

//
prob: 0.0478996
segsites: 10
positions: 0.0595 0.1059 0.2596 0.2701 0.3327 0.3476 0.5237 0.8213 0.8263 0.8444 
0100100011
0101000000
0101000100
1110011011
0101100010
0001100010
0111000100
1110000100
0101010100
1101000100

//
prob: 0.0610872
segsites: 10
positions: 0.0232 0.1551 0.2500 0.4625 0.4766 0.5204 0.5423 0.6039 0.7278 0.9350 
0001000000
0000101111
0001001010
1011001010
0001000000
0001001000
0001000000
0101011010
0000000010
0100000010

//
prob: 0.0483712
segsites: 10
positions: 0.1204 0.1602 0.1714 0.3237 0.3646 0.3663 0.5735 0.5862 0.7522 0.9035 
1000011001
0000011000
0000010000
0001010010
0000010101
0010011000
0110011010
0100100000
0000011000
0010010001

//
prob: 0.0614913
segsites: 10
positions: 0.0246 0.1371 0.1617 0.1891 0.2159 0.4641 0.5911 0.8544 0.8892 0.9441 
0101000010
0100000000
0100000101
0100000000
0100000000
0100000001
0100001001
0000100000
1100010000
0110000001

//
prob: 0.124842
segsites: 10
positions: 0.1102 0.1641 0.4123 0.4799 0.5814 0.8441 0.8568 0.8857 0.9741 0.9867 
0101101100
0100001100
0010010011
0000001100
0000001100
0000001100
0100001100
0000001100
1100001100
0000001100

//
prob: 0.0430555
segsites: 10
positions: 0.2431 0.3446 0.3742 0.4020 0.4157 0.4527 0.6448 0.6923 0.8230 0.8889 
0000000000
0001010110
0100000010
0000000010
1000001000
0010000010
0000100011
0000000000
0000001000
0000000010

//
prob: 0.0353466
segsites: 10
positions: 0.0044 0.1064 0.1233 0.2367 0.3448 0.5838 0.6682 0.7935 0.8794 0.9828 
0100010101
0100000000
1100001000
0100000000
0101000001
0100100000
0100001010
0000010100
0100011000
0010001010

//
prob: 0.0984892
segsites: 10
positions: 0.0138 0.2186 0.2653 0.5228 0.5777 0.7174 0.7609 0.8218 0.8748 0.9147 
0111100101
0010011000
0010110011
1010011000
0010110000
0000110000
0000110000
0010110000
0110010000
0010010000

//
prob: 0.0719875
segsites: 10
positions: 0.0995 0.2204 0.3198 0.3924 0.4464 0.4972 0.6657 0.6686 0.8801 0.9213 
0000100111
0111000111
0111000110
1100000110
0100000111
0101000110
0110000111
1110000110
1000011000
0101000110

//
prob: 0.0413477
segsites: 10
positions: 0.0383 0.0529 0.1561 0.2021 0.2589 0.3267 0.4360 0.6022 0.6724 0.7702 
1000100000
0101010000
0110001101
0100001000
1000100000
1100100001
1000000010
0100000001
1000000010
1000101000

//
prob: 0.118029
segsites: 10
positions: 0.0879 0.3203 0.3968 0.4768 0.5030 0.6699 0.7344 0.7701 0.8793 0.9288 
0010000100
1010000100
0110000100
0010000100
0111110100
0010000111
0100000001
0111110100
0000000100
1001001000

//
prob: 0.111656
segsites: 10
positions: 0.0456 0.0461 0.0816 0.2045 0.4268 0.6431 0.7777 0.8650 0.9739 0.9965 
0000001001
0000100100
0000100100
0000100000
0000110100
0000100100
0000100100
1010110100
0100100110
1011110110

//
prob: 0.0332674
segsites: 10
positions: 0.0355 0.1615 0.3435 0.3610 0.3785 0.3799 0.4791 0.5910 0.6909 0.7852 
0110110000
0111110100
0110000110
0110110100
0010110100
1010110100
0100000100
1010110000
0110111100
0110110111

//
prob: 0.0976591
segsites: 10
positions: 0.0073 0.2839 0.3024 0.3411 0.3984 0.5114 0.7890 0.8068 0.8424 0.9446 
0000010010
0100000010
0100001010
0000000010
1000000100
0100101010
0100000011
0100101010
0011000010
0100000010

//
prob: 0.0694439
segsites: 10
positions: 0.0446 0.1947 0.2613 0.2730 0.3057 0.5610 0.5931 0.7893 0.7965 0.9028 
1001000100
1100100001
1000000100
0000101110
1000110100
1001000100
0000000100
1000110100
1100000100
1010000100

//
prob: 0.0518381
segsites: 10
positions: 0.1650 0.2008 0.3515 0.5258 0.6597 0.8198 0.8248 0.8966 0.9081 0.9452 
0011001101
1001101110
1101110111
1101101101
0000101001
1101110101
1001110110
0001110100
0001100110
0101100110

//
prob: 0.0381874
segsites: 10
positions: 0.0073 0.0333 0.2197 0.2884 0.2957 0.5971 0.6890 0.7214 0.7679 0.9076 
0000100000
0110100010
0000000010
0100000001
0000100000
0100100000
1001100010
1000100000
1000001110
0000110000

//
prob: 0.105609
segsites: 10
positions: 0.0455 0.0712 0.2931 0.4588 0.4747 0.6964 0.7396 0.8230 0.9376 0.9416 
1100000011
0000110100
0000000011
0001100011
0000000100
0010000011
0100101100
0000000100
0010000011
0000000100

//
prob: 0.0345246
segsites: 10
positions: 0.0578 0.1006 0.1400 0.2290 0.5560 0.7242 0.7484 0.7626 0.8849 0.9784 
0000010011
0110000111
0010100001
1000001011
0110000011
0000000111
0110001011
0110001000
0101000111
0110000010

//
prob: 0.112393
segsites: 10
positions: 0.0859 0.2734 0.2820 0.3406 0.3455 0.4705 0.4831 0.6111 0.7977 0.8126 
0011000110
1110000110
0010010010
0011000110
0001000010
0110000010
0010010001
0010010001
1110100010
0010001010

//
prob: 0.0234162
segsites: 10
positions: 0.0290 0.0653 0.0992 0.3056 0.4526 0.5964 0.6150 0.6570 0.7300 0.9662 
0100000010
1000100010
0001011000
0000100110
0001000010
0000100010
0000100100
0010100101
0001000010
0001000000

//
prob: 0.0651007
segsites: 10
positions: 0.3592 0.3685 0.3779 0.4572 0.4874 0.4965 0.7426 0.7858 0.8069 0.9738 
1001110110
0000000000
0111000100
0000000101
1000000101
1001110110
0001101000
0000001111
0000000000
0111000100

//
prob: 0.0742846
segsites: 10
positions: 0.0837 0.1054 0.1521 0.1732 0.2508 0.2920 0.3059 0.3656 0.5940 0.7126 
0101010010
1001000001
0100001010
1001001000
1011101000
0101010010
0101010010
1001001000
1001010100
0100101011

//
prob: 0.0756934
segsites: 10
positions: 0.1253 0.1309 0.1434 0.2262 0.2427 0.2964 0.4489 0.4769 0.4877 0.6274 
1100000000
1110000000
1100110000
1110001001
1110001001
1110000000
1110110000
1110000111
0001000000
1110000000

//
prob: 0.0278118
segsites: 10
positions: 0.0370 0.1360 0.1409 0.1654 0.1807 0.4242 0.4771 0.8306 0.8322 0.9658 
1010010110
1010000010
1001100110
1010010000
0001010000
1110010000
0001010110
1001111111
1010010000
1010010000

//
prob: 0.0541478
segsites: 10
positions: 0.1275 0.1734 0.3936 0.4072 0.4321 0.5680 0.5705 0.5991 0.7141 0.7386 
0010100000
1110100000
1100000000
1001000010
0010100000
0010000101
0010010000
0010011000
1100000000
0010100000

//
prob: 0.0591204
segsites: 10
positions: 0.0787 0.3297 0.3754 0.3984 0.4525 0.4796 0.8025 0.8600 0.8625 0.9759 
0000011000
0010110101
1001000001
0000000000
0000010001
0000000001
0000000001
0000110001
0000000011
0100100010

//
prob: 0.0500559
segsites: 10
positions: 0.1180 0.2653 0.2817 0.3139 0.3395 0.3754 0.3951 0.8125 0.8165 0.8750 
0111010011
0000000011
1010010011
1010000011
0011001011
1010000011
1010000011
1010000011
1110101111
1010010000

//
prob: 0.105445
segsites: 10
positions: 0.3175 0.3646 0.3996 0.4044 0.4549 0.5298 0.5629 0.8270 0.8540 0.8931 
0101011000
0101011100
1101011001
0101011000
0101000000
0010101100
0101011000
0101011000
0101011000
0101011010

//
prob: 0.0378765
segsites: 10
positions: 0.4289 0.4590 0.4920 0.5421 0.5778 0.6730 0.7466 0.8037 0.8309 0.8895 
0000000100
0110000100
0000000101
1000000100
0011000000
0010100110
0010001110
0010000000
0110010100
0010000100

//
prob: 0.070117
segsites: 10
positions: 0.0434 0.0614 0.0741 0.1016 0.1427 0.1768 0.1802 0.2746 0.7115 0.9497 
0010010100
0001000100
1100000100
0101001001
0010010100
0100000000
1100100001
1100100000
0100100110
0100000100

//
prob: 0.0823653
segsites: 10
positions: 0.2020 0.2325 0.4530 0.4624 0.5057 0.5578 0.5690 0.6031 0.6747 0.7598 
0000011011
0000011000
1000100000
0101011011
0000011001
0011000111
0000111100
0111000111
0000011000
0001000000

//
prob: 0.0191047
segsites: 10
positions: 0.1464 0.2306 0.4134 0.5731 0.6067 0.6587 0.7266 0.7408 0.8296 0.9274 
0000000011
1010000001
0000000010
0001100010
0101100010
0000000111
1011100010
0000001101
0001100010
0000010011

//
prob: 0.0379556
segsites: 10
positions: 0.0275 0.1749 0.1750 0.2651 0.3948 0.3995 0.4753 0.6347 0.6947 0.8893 
0010001000
0001000010
1100110111
1010110000
1100001110
0001000010
0010001000
1000001000
0100011011
1100110010

//
prob: 0.100691
segsites: 10
positions: 0.1270 0.2401 0.3327 0.3770 0.4201 0.6469 0.7060 0.7659 0.8881 0.9135 
0000011011
0001000100
0001011010
0101000010
0000000000
0011100000
0001000000
1001011000
0000000000
0001000000

//
prob: 0.100263
segsites: 10
positions: 0.0158 0.0355 0.1080 0.1251 0.1502 0.4225 0.4231 0.4793 0.4931 0.9224 
0000011000
0000111111
1000000000
0000000000
0100000110
0000111110
0011111110
0000011110
0000000000
0100000000

//
prob: 0.0473391
segsites: 10
positions: 0.0398 0.1631 0.2136 0.3515 0.5003 0.6149 0.6754 0.6796 0.8541 0.9096 
1010010000
0100110000
0010011001
0010010000
0011010000
0010010000
0011010000
0011001000
0011010100
1010000010

//
prob: 0.102341
segsites: 10
positions: 0.2594 0.2635 0.3496 0.5865 0.7932 0.8344 0.8897 0.9462 0.9478 0.9547 
0000000100
0000000100
0001000111
0000000101
0100011100
1000000100
0000110101
0010000100
0010000100
0000010000

//
prob: 0.089174
segsites: 10
positions: 0.0696 0.1564 0.1589 0.2019 0.2171 0.2280 0.2542 0.3238 0.9239 0.9481 
0100000100
0100000000
0001010000
0010000000
0100000000
0010000000
0001010000
0000101010
1100001000
0001010011

//
prob: 0.113159
segsites: 10
positions: 0.0183 0.0522 0.1869 0.2237 0.2794 0.3422 0.6213 0.6657 0.8904 0.9548 
1000111000
0000111000
0000111000
1000011001
0000111101
0011101101
0000110101
1000111000
1000111111
0100110101

//
prob: 0.111782
segsites: 10
positions: 0.0100 0.3423 0.3428 0.3443 0.6739 0.7505 0.7806 0.7839 0.9204 0.9499 
0001000000
1000001100
0001000000
0000000001
0110000010
1110000000
1110100000
0001000000
1000010000
1000001100

//
prob: 0.0523948
segsites: 10
positions: 0.0509 0.1020 0.1521 0.1742 0.1917 0.5126 0.6523 0.7895 0.9216 0.9477 
0000000000
1011100010
1011100000
0000000100
1010000000
1010010000
0010000001
0010011000
1000000000
1100000000

//
prob: 0.0490594
segsites: 10
positions: 0.1542 0.2817 0.5095 0.5616 0.6449 0.6506 0.6789 0.6859 0.7517 0.9282 
1010001010
1001010100
1010001010
0000001011
0100010000
0000010000
1010010000
0000010000
1001010100
0001101000

//
prob: 0.0822938
segsites: 10
positions: 0.0486 0.0611 0.1385 0.1749 0.3750 0.4086 0.5067 0.5361 0.7371 0.7823 
0010011000
0010001000
0110000010
0001110000
0010010011
0010010000
1001010011
0010110110
0110000000
0000010010

//
prob: 0.11785
segsites: 10
positions: 0.0659 0.1806 0.3429 0.4251 0.4395 0.4488 0.4547 0.5263 0.5472 0.8807 
1010100001
1011111000
1011111000
1000001001
1000100010
1010010100
1000100000
1000001001
1000001001
0110011000

//
prob: 0.0436508
segsites: 10
positions: 0.0210 0.2687 0.2981 0.3476 0.3563 0.4053 0.4497 0.4500 0.8912 0.9310 
1001101010
0000001000
0001100001
0011101000
0001101000
1011101010
0101110101
0001101000
1001100100
0001100000

//
prob: 0.0789763
segsites: 10
positions: 0.0006 0.2786 0.3642 0.4454 0.4841 0.5324 0.5824 0.7890 0.9448 0.9817 
0000001010
1000110110
0000100000
0000100100
0000010010
1000001010
1000110101
1110100010
0000010010
0001100010

//
prob: 0.0542956
segsites: 10
positions: 0.0159 0.0210 0.0581 0.0742 0.0785 0.2065 0.2394 0.3153 0.3697 0.6396 
1000000001
1000000001
1111011000
1000000001
1011000001
1000110100
0010010111
1000000000
1011010101
1000010111

//
prob: 0.0380716
segsites: 10
positions: 0.0090 0.2646 0.3794 0.4241 0.4827 0.6923 0.7705 0.8312 0.8319 0.9755 
0001000100
0000110000
1000100100
0010010000
1100010100
0000100100
0000111111
0000100100
1000100100
0101010100

//
prob: 0.0288444
segsites: 10
positions: 0.0988 0.1040 0.1498 0.4404 0.4599 0.6905 0.7337 0.7946 0.8963 0.8968 
0000000000
1000000110
0000000000
0000000001
0101000110
0000001110
0010000010
1000100010
1000010010
0000001110

//
prob: 0.0609097
segsites: 10
positions: 0.0275 0.0862 0.1767 0.3298 0.4030 0.6115 0.6250 0.7949 0.9052 0.9155 
1100000010
1000001000
0100000000
1100000010
0000100001
1000000000
0100100100
0001000000
0000000000
1010110000

//
prob: 0.0209272
segsites: 10
positions: 0.1235 0.2137 0.3857 0.4163 0.4730 0.4918 0.5614 0.6106 0.9872 0.9937 
0010001000
0000010001
0000010001
1010100001
0001000101
0000000001
0000000001
0100000001
0000010001
0000000010

//
prob: 0.0907505
segsites: 10
positions: 0.1448 0.2918 0.4044 0.5494 0.5506 0.6903 0.6999 0.7961 0.8158 0.8250 
0000001000
1000001000
1000010101
1011110111
1010001000
1100000111
1010010101
1001110111
1011110111
1011110111

//
prob: 0.0704994
segsites: 10
positions: 0.3091 0.3992 0.4026 0.5282 0.5398 0.6561 0.6948 0.8739 0.9483 0.9714 
1000000000
0001101001
0000001001
0000100000
0111100000
0100101101
0111100000
0100100011
0100110001
0000100001

//
prob: 0.11526
segsites: 10
positions: 0.0846 0.0935 0.1812 0.4283 0.4631 0.6201 0.6305 0.7900 0.9098 0.9706 
0000000001
0001010100
1110000010
0001000000
1000011000
0001010000
1000100001
1000100001
0000000010
0000010000

//
prob: 0.0738766
segsites: 10
positions: 0.1305 0.1664 0.2238 0.2788 0.2971 0.3014 0.3420 0.3620 0.6441 0.7920 
1111001000
0000010010
1111000001
1110000110
0100010001
1111000010
1111000010
0000110000
1011000000
0111000010

//
prob: 0.0284078
segsites: 10
positions: 0.2953 0.3285 0.3373 0.4609 0.4660 0.4936 0.5766 0.8166 0.8255 0.9548 
0000010001
0000010000
0000010001
0000010100
1001101001
1000000010
0000010001
0110010000
0001100000
0000010000

//
prob: 0.0449369
segsites: 10
positions: 0.0563 0.1371 0.2287 0.2637 0.4374 0.4409 0.4631 0.6477 0.7509 0.9823 
1010101001
1000101000
1010100000
1000101000
1010101000
1100101000
0000000000
1000101000
1000010110
0001101100

//
prob: 0.101877
segsites: 10
positions: 0.0243 0.0596 0.2885 0.4270 0.4693 0.5479 0.7423 0.7462 0.8254 0.8495 
0001001110
0010110101
0001001101
0000000001
0001000100
0000100100
0100000100
1010000101
0101001110
0000110101

//
prob: 0.0904015
segsites: 10
positions: 0.0885 0.1259 0.1312 0.2388 0.4339 0.4440 0.5905 0.7947 0.8207 0.9242 
1000001011
1000001001
1001010101
1001001001
0100000001
1001001001
0010001001
1001101001
0010001001
0100010100

//
prob: 0.0374304
segsites: 10
positions: 0.0942 0.2141 0.2678 0.4036 0.4879 0.5143 0.6047 0.6087 0.8833 0.9177 
0001110011
0101001110
0001001110
1000000010
0101110010
0101001100
0101110010
0110000010
0101000010
0100000010

//
prob: 0.100925
segsites: 10
positions: 0.0805 0.2536 0.3990 0.4581 0.5756 0.6836 0.8059 0.8147 0.8315 0.9956 
0000000000
0010100000
0100001110
0000001110
1001001110
0010000010
1001011100
0000001110
0000001111
1000001110

//
prob: 0.0483687
segsites: 10
positions: 0.1099 0.1261 0.1848 0.2657 0.2790 0.3865 0.5500 0.6859 0.7995 0.8884 
1011001001
0001000000
1011000111
0001010100
0001000001
1011001000
1001001010
1000100100
1101010000
1101000000

//
prob: 0.0639896
segsites: 10
positions: 0.0256 0.1005 0.1293 0.2357 0.2392 0.2484 0.4536 0.4999 0.7240 0.8072 
0001011000
1001000000
1110001000
0000001100
1110001100
0010001100
0001001100
0001011100
0000001111
1000101000

//
prob: 0.0946473
segsites: 10
positions: 0.0032 0.0159 0.1684 0.1685 0.3174 0.6477 0.6699 0.8223 0.9349 0.9379 
1011110000
0100110000
0100010000
1011110100
0000001000
0000110000
0000010000
1011110001
1011110010
0000010000

//
prob: 0.0724304
segsites: 10
positions: 0.2595 0.2654 0.2936 0.5173 0.6171 0.6499 0.6666 0.6791 0.6791 0.9353 
1000100000
1100110000
0100110011
0000001100
0100110000
0010110000
0010110000
0010000000
0100110000
0001100000

//
prob: 0.110239
segsites: 10
positions: 0.0754 0.2531 0.2772 0.3485 0.6657 0.7316 0.7464 0.7830 0.9952 0.9978 
1000010010
1000010010
0100001000
0010110011
1100010110
1101010100
0101010100
1101010100
1101010011
0100001000

//
prob: 0.0707163
segsites: 10
positions: 0.1128 0.2568 0.3495 0.3895 0.4011 0.6774 0.7834 0.8520 0.8679 0.8705 
0100100000
0010110011
0000000000
0101011101
0000010011
0100000000
1100110101
0101010000
0010100000
0000100001

//
prob: 0.0343341
segsites: 10
positions: 0.0286 0.0949 0.1786 0.3635 0.4171 0.4177 0.4760 0.4802 0.6154 0.6172 
0000011010
0000100010
0000100001
0000100001
1000100101
0000100001
0000100001
0000100010
0010100010
0101100001

//
prob: 0.10421
segsites: 10
positions: 0.0187 0.0811 0.3092 0.4687 0.6256 0.7630 0.9446 0.9588 0.9742 0.9976 
0110000100
0111000100
0000011010
0110000010
0100100101
1000000100
0110000010
0100100100
0110000010
1000000100

//
prob: 0.0412083
segsites: 10
positions: 0.0494 0.0621 0.1283 0.2321 0.2654 0.3362 0.4428 0.8591 0.8627 0.9117 
0010101001
0000000001
0110011001
0010010101
0110110001
1010000001
0110010000
0111011001
0010001010
0111010101

//
prob: 0.0507714
segsites: 10
positions: 0.0130 0.0920 0.1422 0.2968 0.4059 0.4352 0.4530 0.6734 0.8412 0.9589 
0011001101
0010010101
0010000011
0000001111
1010000101
0111010001
0010110011
0000000111
0001000010
0000010101

//
prob: 0.0422257
segsites: 10
positions: 0.2104 0.5725 0.5748 0.5757 0.6393 0.7287 0.7733 0.7749 0.8989 0.9334 
0011110000
0000101100
0011110001
0000101100
0111001111
1011001100
0011001100
0011001100
0000101100
1000101101

//
prob: 0.0471333
segsites: 10
positions: 0.0773 0.1092 0.2948 0.4369 0.5564 0.6514 0.6930 0.7632 0.8942 0.9236 
0010000000
0011000001
1010000001
0010110011
0011001000
0011000001
0101000000
0110000000
0010110001
0010000111
