./msdir/ms 10 100 -t 5.0 -s 10 
21070 20829 46942

//
prob: 0.00554383
segsites: 10
positions: 0.1125 0.1872 0.2221 0.4887 0.5093 0.5384 0.5608 0.6392 0.7715 0.7902 
1101100100
0000011011
1101100100
1101100100
1101100100
0000011011
1111100100
0000011011
1111100100
1111100100

//
prob: 0.122077
segsites: 10
positions: 0.0051 0.0583 0.1613 0.2322 0.3290 0.4538 0.5115 0.6242 0.7848 0.7969 
1000110000
1000110000
0100000111
0100000111
1011010000
1000110000
1011010000
0000000111
0000001111
1000010000

//
prob: 0.0255392
segsites: 10
positions: 0.0181 0.1692 0.1996 0.2729 0.3310 0.3774 0.5772 0.6847 0.7245 0.9067 
0000000100
0000000000
0000000000
0001000001
0001000001
0000010010
0001000001
0001000001
1110101000
0001000001

//
prob: 0.0120704
segsites: 10
positions: 0.1903 0.3260 0.4427 0.4757 0.7014 0.7481 0.7888 0.8206 0.9265 0.9401 
0000010011
0001000110
0000010011
1100100000
0000011011
0000010011
0000010011
0000000011
1100100000
0010010011

//
prob: 0.0465811
segsites: 10
positions: 0.0121 0.4286 0.5529 0.5590 0.5811 0.6026 0.7370 0.7567 0.9269 0.9842 
1010100100
0000001001
1000010100
0001001001
1000010110
0000001001
1100000100
1000010100
1010000100
1000010100

//
prob: 0.100674
segsites: 10
positions: 0.0055 0.1064 0.1188 0.1468 0.1854 0.3559 0.5072 0.6510 0.6611 0.6944 
1000001010
1000001000
1001000000
1000100000
0000000001
1000000100
1000000000
0100010000
1010000000
0000000000

//
prob: 0.0380394
segsites: 10
positions: 0.0478 0.1202 0.2876 0.4230 0.4767 0.6207 0.6270 0.6496 0.7345 0.9299 
0010011000
0010011000
1100100101
0011011000
0000000011
1100100101
0000000011
0000000011
0011011000
0011011000

//
prob: 5.60031e-05
segsites: 10
positions: 0.1621 0.3072 0.4523 0.5551 0.5655 0.6194 0.6537 0.7144 0.8196 0.9763 
1000110000
1010110000
1000110100
0101000010
1000110001
1010110000
1000111000
1000111000
1000110000
1010110000

//
prob: 0.124232
segsites: 10
positions: 0.0974 0.1175 0.1328 0.3410 0.5072 0.5598 0.5667 0.7812 0.8857 0.9927 
0100001100
0100000100
0100010100
1010000000
1010000001
0100001110
1010000001
1011100000
0100000100
0100001110

//
prob: 0.105596
segsites: 10
positions: 0.0159 0.0514 0.0785 0.3252 0.3303 0.3437 0.3857 0.5226 0.5287 0.8213 
0000110110
1100001000
0000110110
1100001000
0000110110
1110001000
0000100101
0000100100
0001110110
0000100101

//
prob: 0.0178115
segsites: 10
positions: 0.1442 0.1862 0.3196 0.4363 0.5985 0.7604 0.8225 0.8318 0.9752 0.9789 
0000001110
0010000001
1100001010
0000001110
0001001110
0000001110
0000001110
0000101110
0000001110
0000011010

//
prob: 0.00524788
segsites: 10
positions: 0.0816 0.1238 0.1912 0.4023 0.4944 0.5224 0.5290 0.5646 0.7519 0.9285 
0010100000
0010100000
1010100000
0011100000
0100010011
1010100000
1010100000
1010100000
0010100100
0010101000

//
prob: 0.123412
segsites: 10
positions: 0.0331 0.1328 0.4260 0.4265 0.5468 0.5871 0.5936 0.6168 0.6953 0.9399 
1000000010
1000000000
1010001000
1001000000
1000000010
1000110000
0000000101
1000000000
1100000000
1000000000

//
prob: 0.124617
segsites: 10
positions: 0.0622 0.1183 0.1434 0.1492 0.1748 0.2612 0.3050 0.7585 0.9763 0.9831 
0001000000
0001000000
0100010100
0011000000
0001000000
0100100100
0001000000
0011000000
0001000011
1001001010

//
prob: 0.0763788
segsites: 10
positions: 0.0082 0.1653 0.1669 0.2173 0.5978 0.6395 0.6811 0.6818 0.7336 0.9070 
1111000001
1110100101
1110000001
1110100101
0000011010
1111000001
1110000001
1110000001
1110000001
1110100101

//
prob: 0.0971136
segsites: 10
positions: 0.0557 0.0814 0.1696 0.1989 0.2903 0.3022 0.4545 0.7116 0.8158 0.9359 
0001010000
0101000001
0101000001
0101000000
0001010000
1010001110
0101000001
0101000001
1010001110
1010101110

//
prob: 0.0616322
segsites: 10
positions: 0.0624 0.0879 0.3957 0.4238 0.5983 0.6397 0.6478 0.8470 0.9639 0.9737 
0010110000
0000001000
0101000000
0010110000
0000000000
0000100001
0010110000
0101000000
1000000000
0000000110

//
prob: 0.109708
segsites: 10
positions: 0.0500 0.1030 0.2509 0.3763 0.4052 0.5386 0.6469 0.7061 0.8593 0.9021 
0100011001
0000001000
0010101000
0000011000
0010101100
1001000000
0000001000
0010101000
0000011000
0010101010

//
prob: 0.00436062
segsites: 10
positions: 0.1392 0.2058 0.2565 0.3572 0.3979 0.5581 0.5650 0.6391 0.7141 0.9220 
0000011000
0000011000
1100100010
1111100010
0000001100
1100100010
0000001100
1100100010
1100100011
0000001100

//
prob: 0.00781946
segsites: 10
positions: 0.0601 0.1057 0.1861 0.2329 0.2424 0.4822 0.5192 0.5512 0.7132 0.9828 
0010101011
0101000000
0101000000
1010011111
1010011011
1010011111
1010011011
1010011111
0010101011
1010011111

//
prob: 0.117167
segsites: 10
positions: 0.0210 0.1985 0.4121 0.5835 0.6006 0.6362 0.7085 0.7108 0.8375 0.9997 
0010100001
0000000000
0101011010
0000000000
0010100101
1000000000
0101011010
1000000000
0000000000
0010000001

//
prob: 0.123311
segsites: 10
positions: 0.0550 0.0949 0.3253 0.5576 0.7290 0.7430 0.7902 0.7946 0.9442 0.9732 
0001010000
0101010000
0101010000
1000000001
1000000011
0001011000
0010010100
0001011000
0010110100
0010010100

//
prob: 0.0297559
segsites: 10
positions: 0.0854 0.2375 0.3890 0.5225 0.7054 0.7605 0.7676 0.8561 0.8619 0.9982 
0000010100
0100101001
0001000000
0100101001
0001000000
0001000000
0000010100
1000010000
0100101001
0010000010

//
prob: 0.0656331
segsites: 10
positions: 0.0421 0.0488 0.0798 0.1787 0.2298 0.3007 0.4162 0.7675 0.8674 0.9422 
1000000000
1000000000
0000001011
1000100000
1000000000
1000000000
1000000000
1000000000
0111010100
0110010100

//
prob: 0.106276
segsites: 10
positions: 0.1000 0.1185 0.1654 0.2276 0.3683 0.3861 0.3943 0.6584 0.6677 0.7951 
1001101100
1001101100
1001101100
0010010011
1001101100
0110000011
0010010011
1001101100
1001101100
0010010011

//
prob: 0.0303658
segsites: 10
positions: 0.0252 0.2365 0.3655 0.4072 0.4315 0.5026 0.5086 0.5831 0.5957 0.8216 
0100011101
0100011100
1100011100
0100011101
0011100000
0100011101
0100011101
0100001100
0100011100
0000001110

//
prob: 0.112324
segsites: 10
positions: 0.1852 0.2720 0.3476 0.4431 0.5331 0.5614 0.6341 0.8955 0.9028 0.9763 
1010100000
0010011001
0100000110
0011010000
0100000110
1010100000
0010000000
0010000000
0011010000
0010000000

//
prob: 0.116449
segsites: 10
positions: 0.0087 0.0580 0.2098 0.3645 0.4086 0.5343 0.5562 0.5935 0.6487 0.8683 
0000000100
0001000000
1001000000
0000000010
0000000100
0001000000
0100101001
0010000000
0100101001
0001010000

//
prob: 0.0238145
segsites: 10
positions: 0.0190 0.1439 0.1454 0.2692 0.4685 0.4792 0.5659 0.7314 0.9035 0.9127 
0000000000
0100101101
0010000000
0000000000
0001000010
0000000000
1100011001
1100011001
0000000000
0100101001

//
prob: 0.0156271
segsites: 10
positions: 0.1610 0.2019 0.3943 0.4220 0.5066 0.5397 0.6104 0.7142 0.7198 0.7277 
0110000000
1001000001
0110010000
0110000000
0000000100
0000000100
1001000001
0000101100
0000000100
0000000011

//
prob: 2.10415e-06
segsites: 10
positions: 0.0908 0.1373 0.2828 0.4569 0.4940 0.5132 0.5215 0.6771 0.6983 0.8875 
1011100101
1011100101
0100011010
0100011010
0100011010
1011100101
0100011010
1011100101
0100011010
1011100101

//
prob: 0.0166805
segsites: 10
positions: 0.0445 0.1806 0.1824 0.4207 0.6879 0.8211 0.9211 0.9235 0.9414 0.9856 
0111000010
0111000010
0111000011
0111100010
1000011100
0111000010
0000011100
0000011100
0111000010
0111000010

//
prob: 0.00182653
segsites: 10
positions: 0.1081 0.1330 0.2723 0.3044 0.3760 0.4629 0.5637 0.6486 0.7625 0.7684 
0011000000
1000001000
0011000000
0011100000
0100000011
1000001000
0011000000
0100010111
1000001000
0011000000

//
prob: 0.048497
segsites: 10
positions: 0.2077 0.2510 0.2725 0.3634 0.3647 0.5982 0.7740 0.8367 0.8375 0.9905 
1000101001
1000000001
1000100001
0001000000
1100000001
1000110001
0010000110
1100000001
0010000110
1000100001

//
prob: 0.0489191
segsites: 10
positions: 0.1397 0.3860 0.4541 0.5609 0.6188 0.7341 0.7732 0.8647 0.9458 0.9970 
0110010101
1000000010
0000000010
0000000010
0101101100
0000000010
0000000010
0000000010
0101101100
0000000010

//
prob: 0.125107
segsites: 10
positions: 0.2245 0.2822 0.3461 0.4397 0.4843 0.5064 0.5281 0.5893 0.5900 0.6172 
0101010000
1001100010
0000001100
0010000100
0000000101
0101000000
0001000000
0101000000
0000000101
0000000100

//
prob: 0.0809347
segsites: 10
positions: 0.1546 0.2117 0.2175 0.4436 0.5566 0.6892 0.7109 0.7210 0.7441 0.8468 
0000000000
0010000110
0001110000
0000000001
1100001000
0010000110
0000000000
1100001000
0010000110
0010000110

//
prob: 0.117467
segsites: 10
positions: 0.0671 0.0955 0.1222 0.2240 0.2647 0.2805 0.3536 0.5386 0.7275 0.9778 
0001100001
0010000110
0010001010
0010000010
0010000110
1000000000
0110000110
0000010000
1000000000
0010000110

//
prob: 0.0595422
segsites: 10
positions: 0.0064 0.0340 0.3440 0.4933 0.5430 0.6453 0.6932 0.7764 0.8561 0.9585 
0100010000
0100010000
0001001011
0011001011
0001001011
0001001011
1001101011
0001001111
0001001011
0100010000

//
prob: 0.0840829
segsites: 10
positions: 0.1315 0.1786 0.4141 0.4394 0.6375 0.8097 0.8350 0.8363 0.9306 0.9527 
1001101111
0110000000
1001101101
1001101101
0001001100
0001001100
1001101101
1001101101
0001011100
0001001100

//
prob: 0.0770724
segsites: 10
positions: 0.0928 0.2371 0.2543 0.3112 0.4831 0.5107 0.5338 0.5419 0.7027 0.7030 
0001011100
0011010111
0011010111
0001010110
1100000000
0001010100
1100100000
0001011100
0001010100
0001011100

//
prob: 0.000326545
segsites: 10
positions: 0.1123 0.1745 0.2582 0.4403 0.4935 0.5149 0.7263 0.8644 0.9110 0.9785 
1010000001
1010000001
0100101110
0100101110
1010000001
1010000001
0100100110
1010010001
0100101110
0101101110

//
prob: 3.33765e-05
segsites: 10
positions: 0.0334 0.0996 0.2409 0.2500 0.3953 0.6306 0.6892 0.7783 0.7832 0.7842 
0000000100
0000000100
0001011010
0000000100
0000000100
0000000100
0000000100
0000000100
1110100001
0000000100

//
prob: 0.000592436
segsites: 10
positions: 0.0412 0.1161 0.1928 0.2082 0.3888 0.4651 0.7219 0.8342 0.9063 0.9818 
0001010001
0000010001
1000001110
0000110001
0100010001
0000010001
0000010001
0000010001
0010010001
0000010001

//
prob: 0.0895183
segsites: 10
positions: 0.0570 0.1927 0.2155 0.7064 0.7397 0.7437 0.8036 0.8656 0.9078 0.9333 
1001000001
0000100100
0100111110
0010100100
0010100100
1001000000
1001000000
0000100100
0010100100
1001000000

//
prob: 0.000378721
segsites: 10
positions: 0.2523 0.3518 0.4148 0.4424 0.5237 0.5372 0.6095 0.7702 0.7928 0.9823 
0011000100
0100001010
1001100001
1001110000
1001100000
0011000100
1001100001
1001110000
0100001010
1001100000

//
prob: 0.118814
segsites: 10
positions: 0.0377 0.0474 0.2057 0.2320 0.3476 0.4963 0.5496 0.7060 0.7420 0.8877 
0100001110
0000001110
0000110000
0010001110
1000001101
0001001110
0000110000
1000001101
0000001110
0000001110

//
prob: 0.125105
segsites: 10
positions: 0.1216 0.1673 0.3275 0.5540 0.5886 0.6454 0.7153 0.8748 0.9821 0.9844 
0001000110
0100111001
0001000110
0001000110
1100001001
0011000110
0001000110
0011000110
0001000110
0001000110

//
prob: 0.054958
segsites: 10
positions: 0.1433 0.5361 0.5381 0.5520 0.5702 0.8501 0.8595 0.9377 0.9513 0.9854 
0100000011
0100000001
1011011000
0100000000
1011011000
0100000011
0100000001
0100000011
1011011000
0011101100

//
prob: 0.12508
segsites: 10
positions: 0.1644 0.2552 0.3138 0.3310 0.3965 0.5481 0.5506 0.5871 0.6286 0.6679 
0011001110
0100000001
0000011100
0000001100
1000000001
0000001100
0000101100
0011001110
0000001100
1000000001

//
prob: 0.124799
segsites: 10
positions: 0.1693 0.2635 0.2802 0.3860 0.4306 0.5098 0.5356 0.5490 0.5931 0.7623 
1110100111
0000101100
1100100111
0000101100
0000100100
1110100111
1110100111
0000110100
0001000000
0001000000

//
prob: 0.0457712
segsites: 10
positions: 0.0350 0.3739 0.4487 0.4605 0.4623 0.5564 0.5594 0.6681 0.8165 0.9422 
1000000000
0011000111
0011100111
1000000000
1000000000
1000000000
1000000000
0011000111
0011100111
0100011000

//
prob: 0.105596
segsites: 10
positions: 0.4053 0.4066 0.4428 0.5089 0.5307 0.6612 0.8216 0.8741 0.9594 0.9756 
1001100010
1001100010
1001100010
1001100010
0110000101
0000101010
1001100010
0110000101
1001110010
1001100010

//
prob: 0.0344876
segsites: 10
positions: 0.0238 0.0596 0.1103 0.1214 0.2277 0.2697 0.2916 0.3437 0.4112 0.4608 
0000000000
0000001000
1101110100
1101110100
0000001000
0000001011
0000000000
0010000000
0000000000
0000000000

//
prob: 0.108095
segsites: 10
positions: 0.2388 0.2470 0.3198 0.3236 0.3343 0.3565 0.7009 0.7154 0.9082 0.9387 
0000100000
0000100001
0000000000
1001011000
1000000000
1000000000
1000000100
1101011000
0000000010
0010000000

//
prob: 0.0588297
segsites: 10
positions: 0.0271 0.0793 0.2899 0.4411 0.4688 0.5336 0.6811 0.8499 0.8885 0.8972 
1111000000
0000001111
1011000000
1111100000
0000001111
1011000000
0000011111
1011000000
0000011111
0000011111

//
prob: 0.00526337
segsites: 10
positions: 0.0432 0.2486 0.2582 0.2833 0.2896 0.3542 0.6125 0.7996 0.8753 0.8787 
0111110101
0111110101
0111110101
0000001010
0111110101
0111110101
0111110101
0111110101
1111110101
0111110101

//
prob: 1.95786e-05
segsites: 10
positions: 0.1214 0.1284 0.1838 0.3534 0.3750 0.3901 0.5666 0.6009 0.8371 0.8571 
0010110110
1000110110
0000001001
1000110110
0010110110
0000110110
1000110110
0000110110
0101001001
0010110110

//
prob: 0.017869
segsites: 10
positions: 0.0367 0.0476 0.0732 0.1528 0.1711 0.5832 0.6307 0.7113 0.9204 0.9579 
0100100010
0100100010
0100100010
1011001001
1011000001
1011000101
0100110010
0100100010
0100100010
0100100010

//
prob: 0.0940735
segsites: 10
positions: 0.1793 0.1991 0.2259 0.2978 0.3618 0.5561 0.7065 0.7440 0.8045 0.9133 
0000011100
1100000001
0101000000
0000011100
1100000001
0000011100
0000011100
0000011100
0110000010
0110100000

//
prob: 0.113021
segsites: 10
positions: 0.2446 0.2488 0.2568 0.3815 0.4389 0.5948 0.6574 0.7262 0.8579 0.9885 
0010001010
0000000010
1100010000
0001100000
1000010100
0000000011
1100010000
0000000010
0000000010
0001000000

//
prob: 0.0821286
segsites: 10
positions: 0.1104 0.1226 0.1502 0.2303 0.3652 0.4646 0.5949 0.6944 0.7217 0.7400 
0001010000
0110001110
1000000000
1000000000
0110001111
0001110000
0001010000
0001010000
0001010000
1000000000

//
prob: 0.124236
segsites: 10
positions: 0.0923 0.1798 0.4998 0.5769 0.5981 0.7483 0.8578 0.9165 0.9178 0.9599 
0100000000
0100100000
0100000000
0000000010
0000010000
0000000010
1001001101
0000000000
0000000000
0010000000

//
prob: 0.0803179
segsites: 10
positions: 0.1628 0.1714 0.1755 0.3006 0.3148 0.6269 0.7682 0.8357 0.8412 0.8491 
0001010000
0001010000
0100101000
0100101000
0110001000
1000010000
0100101100
0000010011
0000010011
0100101000

//
prob: 0.0180347
segsites: 10
positions: 0.0039 0.0746 0.0933 0.0960 0.0971 0.3597 0.4110 0.4843 0.5585 0.8155 
0001010001
0000000001
0000000001
0000000001
1110001110
1110001110
1110101110
0000000001
0001010001
0000000001

//
prob: 0.122709
segsites: 10
positions: 0.1566 0.2335 0.6056 0.6728 0.6841 0.6961 0.7217 0.8568 0.8926 0.9307 
0011001001
0000000010
0000000000
0000000010
1000100010
1000100010
0000000010
0000010100
0000000010
0100000010

//
prob: 0.019022
segsites: 10
positions: 0.1181 0.2235 0.4083 0.4906 0.5410 0.5471 0.5711 0.6037 0.7531 0.9212 
0001100000
0000000000
0000000001
0000000010
0000000000
0100011100
0000100000
0000000000
1010000000
0000000001

//
prob: 0.0669327
segsites: 10
positions: 0.3036 0.4148 0.4457 0.4674 0.4875 0.6957 0.6973 0.7542 0.7556 0.9057 
0101000110
1000111000
1000111000
0010000001
0000000001
0101000100
0101000000
0101000000
0000000001
0101000100

//
prob: 0.077565
segsites: 10
positions: 0.1276 0.2188 0.2700 0.3331 0.3335 0.3397 0.5873 0.6990 0.8832 0.8940 
0111100110
0111100110
0111100110
0101100000
0101100000
0101110001
0111100110
0101100000
0111100110
1000001000

//
prob: 0.124277
segsites: 10
positions: 0.0780 0.1698 0.3414 0.4681 0.4834 0.5194 0.6054 0.6319 0.6498 0.7376 
0001100101
0000011000
0000100101
0000000101
0000011000
1100100101
0010001010
0000100101
0000011000
0000100101

//
prob: 0.115364
segsites: 10
positions: 0.0685 0.1278 0.1769 0.3712 0.5553 0.5720 0.5774 0.6350 0.7333 0.7660 
1010100010
0001010101
1000100010
0001010101
1100100010
1100100010
0001011101
0001010101
0001010101
1000100010

//
prob: 0.10252
segsites: 10
positions: 0.0169 0.0963 0.1030 0.1735 0.3281 0.3311 0.4322 0.4887 0.7201 0.9688 
0101110000
0101010000
0000001001
0101110000
1100010000
0101110000
0101010100
0000000001
0101110000
0111010010

//
prob: 0.123743
segsites: 10
positions: 0.0183 0.0499 0.0875 0.1460 0.2530 0.3326 0.4212 0.6380 0.8253 0.9088 
0000110000
1100010110
0010000000
0011000000
0000011000
0000010000
1100010110
0000010001
0000010000
0000010001

//
prob: 5.33374e-05
segsites: 10
positions: 0.3474 0.4230 0.4381 0.4806 0.6061 0.6090 0.6591 0.6956 0.7451 0.8509 
0100000001
1110000001
0100000101
0101010001
0101010001
0101010001
1110000001
0000101010
0100000001
0100000001

//
prob: 0.00426445
segsites: 10
positions: 0.0343 0.1736 0.1787 0.2912 0.3007 0.3317 0.3866 0.8565 0.9587 0.9670 
0010001010
1100100001
0010001010
1101100001
0010000110
1100100001
1100100001
0010010010
0010001010
0010000110

//
prob: 0.0178394
segsites: 10
positions: 0.0610 0.1051 0.1392 0.2974 0.3023 0.3970 0.4209 0.5034 0.5678 0.8352 
0000000000
0000100101
0011000000
1000001000
0010000000
0100100011
0000010000
0010000000
0000000000
0000000000

//
prob: 0.0164439
segsites: 10
positions: 0.0497 0.1954 0.2445 0.3159 0.3549 0.6529 0.7969 0.8188 0.8465 0.8664 
0110000000
0000111000
0000111000
0000011010
1000011001
0110000000
0000111000
0001011100
0000111000
0001011100

//
prob: 0.0389611
segsites: 10
positions: 0.1733 0.1766 0.2041 0.5662 0.6590 0.6608 0.7907 0.7949 0.9016 0.9693 
0000001011
0000001011
1110000010
1110000010
0001010100
0000001011
0001110100
0001010100
1110000010
0000001011

//
prob: 0.107161
segsites: 10
positions: 0.1224 0.2860 0.2945 0.4288 0.5356 0.5620 0.7472 0.7813 0.8622 0.8750 
1110000000
0001110000
0001110000
0001110000
0001100111
0010000000
1110000000
0110001000
1110000000
1110000000

//
prob: 0.102874
segsites: 10
positions: 0.0872 0.4896 0.4976 0.6446 0.7889 0.8001 0.9026 0.9314 0.9757 0.9974 
0000000000
0000101001
0001010000
0000000001
0011000010
0001000110
1101000000
0000100001
0000000000
0000000000

//
prob: 0.00413583
segsites: 10
positions: 0.1159 0.3101 0.3715 0.4780 0.5098 0.6610 0.7304 0.7640 0.8064 0.8185 
0100101000
0100101010
0100101010
0100101000
0010010101
0100101000
0100101010
0101101010
1100101010
0010010101

//
prob: 0.0885193
segsites: 10
positions: 0.0702 0.1227 0.1480 0.2233 0.2771 0.4866 0.5545 0.5974 0.7813 0.9057 
0000101101
0000111101
0000101101
0101000000
0010111101
0000111101
1001000000
0000111101
1001000010
0000111101

//
prob: 0.000264837
segsites: 10
positions: 0.2265 0.2556 0.2648 0.3000 0.3083 0.3146 0.5034 0.5986 0.6792 0.8538 
0000000101
0010111101
1100000010
0010011101
0000000101
0001000101
0000000101
1100000010
0000000101
0000000101

//
prob: 0.0946594
segsites: 10
positions: 0.0288 0.1553 0.2390 0.2505 0.3810 0.4256 0.5355 0.7580 0.8007 0.9556 
0000110100
0100000011
0011000011
0000000011
0000000011
0000000011
0001000011
0000110100
1000010100
0000001001

//
prob: 0.093648
segsites: 10
positions: 0.1477 0.1908 0.2430 0.3333 0.4314 0.5112 0.5854 0.7026 0.7172 0.7439 
0100100000
0110001000
0100000000
1000010000
0101000111
0100000000
0110001000
1000010000
1000010000
0100000000

//
prob: 0.0146855
segsites: 10
positions: 0.0484 0.0517 0.1101 0.1916 0.2213 0.2923 0.5444 0.6773 0.9488 0.9552 
1111100000
0111100000
0000011111
0000011111
1111100000
0111100000
0000001111
0000001111
0111100000
0111100000

//
prob: 0.101839
segsites: 10
positions: 0.0577 0.0590 0.1667 0.1686 0.1700 0.4351 0.4629 0.7571 0.9230 0.9407 
0100000010
0000001000
1001010001
1001000101
0010000000
0000000000
0000001000
0000100000
1001010001
0000001000

//
prob: 0.0528151
segsites: 10
positions: 0.0414 0.1662 0.1889 0.2260 0.2979 0.4572 0.5256 0.5423 0.6167 0.7657 
0000000110
0000011010
0000011010
1010100000
1010000000
0100000110
0001001010
0001001011
0000000110
0000000110

//
prob: 0.0587024
segsites: 10
positions: 0.1673 0.1966 0.3595 0.5332 0.7256 0.7954 0.8229 0.8412 0.8897 0.9781 
0110011011
0000000000
0000000100
0010001000
0110011011
0001100000
1010001000
0010001000
0000000100
0000100000

//
prob: 0.0853446
segsites: 10
positions: 0.0474 0.0923 0.1292 0.3142 0.3679 0.4213 0.5574 0.7468 0.7768 0.9349 
1000000000
0000111100
1000000000
0000111100
1100000000
1000000000
1001000001
0000000100
1010000010
1000000000

//
prob: 0.0166268
segsites: 10
positions: 0.0753 0.1259 0.1295 0.1900 0.3233 0.3419 0.3565 0.5234 0.5982 0.7961 
0100001001
1000001000
1000001000
1000001010
0110001101
1000001000
1000001000
0101001101
0100001001
0000110000

//
prob: 0.0546628
segsites: 10
positions: 0.1122 0.1945 0.2380 0.3526 0.3674 0.3821 0.4668 0.6269 0.6545 0.8673 
0100100000
0000001011
1010001100
0000001011
0000011001
0000001011
0000001011
0001001011
1010001100
1010001100

//
prob: 0.12508
segsites: 10
positions: 0.0650 0.0883 0.1677 0.4333 0.5898 0.6095 0.6250 0.8063 0.8782 0.9245 
0100000110
0000000000
1010100001
1010100001
0100000110
1010100001
0100010110
0001001000
0100000110
0000000000

//
prob: 0.123534
segsites: 10
positions: 0.0526 0.1436 0.4943 0.5063 0.5165 0.5209 0.5743 0.8661 0.9459 0.9568 
0000100000
0000100000
0001100000
0100000001
0001100000
0010010100
0000100000
1100001010
0001100000
0000100000

//
prob: 0.0709575
segsites: 10
positions: 0.0237 0.1849 0.2670 0.2798 0.3240 0.5314 0.8092 0.8796 0.8925 0.9279 
0000101000
0000101000
0000101000
0000101000
0000101000
0001001000
1110000111
1110010101
1110000101
0000101000

//
prob: 0.0984322
segsites: 10
positions: 0.2841 0.3291 0.3310 0.3661 0.4500 0.4546 0.7951 0.9041 0.9126 0.9902 
0001011010
0001010000
0001010010
0001010000
0001010000
0001011010
1100100101
0011010000
1100100101
0001011010

//
prob: 0.125059
segsites: 10
positions: 0.0065 0.1243 0.1423 0.3294 0.4636 0.7153 0.7251 0.7569 0.9666 0.9919 
0000000010
0000000010
0000000001
0100111100
1000000010
0101011100
0000000010
0101011100
0000000001
0010000000

//
prob: 0.0965689
segsites: 10
positions: 0.0384 0.1183 0.1741 0.3020 0.3069 0.3149 0.3547 0.3644 0.6373 0.6678 
0110000100
1000011000
0000011000
0000000000
1000011000
0000000000
0000000000
0110000101
0001000000
0110100010

//
prob: 0.0866052
segsites: 10
positions: 0.1482 0.2121 0.2362 0.2494 0.4155 0.4382 0.5241 0.6070 0.6794 0.9429 
0000100000
0000000000
1000010100
0000100000
0000100010
0101001001
0000000000
0000100000
0000000000
0010000000

//
prob: 0.120693
segsites: 10
positions: 0.0451 0.2616 0.3070 0.4278 0.4457 0.6054 0.6724 0.7242 0.7568 0.9185 
0000000100
0100100000
0100100000
0000000100
0011010000
1011010000
0000101000
0000100000
0000000100
0000000011
